     1    34    35    36    37    38    39    40    41    42    43    44
    33     2    63    64    65    66    67    68    69    70    71    45
    32   100     3    62    84    85    86    87    88    89    72    46
    31   123   101     4    61    83    96    97    98    90    73    47
    30   122   124   102     5    60    82    95    99    91    74    48
    29   121   138   125   103     6    59    81    94    92    75    49
    28   120   137   139   126   104     7    58    80    93    76    50
    27   119   136   144   140   127   105     8    57    79    77    51
    26   118   135   143   142   141   128   106     9    56    78    52
    25   117   134   133   132   131   130   129   107    10    55    53
    24   116   115   114   113   112   111   110   109   108    11    54
    23    22    21    20    19    18    17    16    15    14    13    12
